Best KT Fit Results:
T_KT        = 0.860000
ln(A)       = -1.560468 ± 0.276849
A           = 0.210038
b           = 1.927665 ± 0.106822
Residual σ  = 0.225521
