Best KT Fit Results:
T_KT        = 0.860000
ln(A)       = 0.735103 ± 0.336525
A           = 2.085696
b           = 1.569737 ± 0.129848
Residual σ  = 0.274133
