Best KT Fit Results:
T_KT        = 0.860000
ln(A)       = -1.904945 ± 0.362018
A           = 0.148831
b           = 2.055549 ± 0.139685
Residual σ  = 0.294900
