Best KT Fit Results:
T_KT        = 0.860000
ln(A)       = -1.178033 ± 0.383571
A           = 0.307884
b           = 1.743066 ± 0.148001
Residual σ  = 0.312456
