Best KT Fit Results:
T_KT        = 0.860000
ln(A)       = -0.088811 ± 0.247428
A           = 0.915019
b           = 1.939439 ± 0.095470
Residual σ  = 0.201554
