Best KT Fit Results:
T_KT        = 0.860000
ln(A)       = 0.532596 ± 0.356288
A           = 1.703348
b           = 1.658503 ± 0.137474
Residual σ  = 0.290232
